c Water Density (g/cm3) = 0.998207
mx       1000.    -0.111894
         8000.    -0.888106

c PMMA Density (g/cm3) = 1.190000
mx       1000.    -0.080538
         6000.    -0.599848
         8000.    -0.319614
        
c Tissue Soft Density (g/cm3) = 1.000000
mx       1000.    -0.104472
         6000.    -0.232190
         7000.    -0.024880
         8000.    -0.630238
         11000.   -0.001130
         12000.   -0.000130
         15000.   -0.001330
         16000.   -0.001990
         17000.   -0.001340
         19000.   -0.001990
         20000.   -0.000230
         26000.   -0.000050
         30000.   -0.000030

c Lung Density (g/cm3) = 1.050000
mx       1000.    -0.101278
         6000.    -0.102310
         7000.    -0.028650
         8000.    -0.757072
         11000.   -0.001840
         12000.   -0.000730
         15000.   -0.000800
         16000.   -0.002250
         17000.   -0.002660
         19000.   -0.001940
         20000.   -0.000090
         26000.   -0.000370
         30000.   -0.000010
 
c Bone Compact Density (g/cm3) = 1.850000
mx       1000.    -0.063984
         6000.    -0.278000
         7000.    -0.027000
         8000.    -0.410016
         12000.   -0.002000
         15000.   -0.070000
         16000.   -0.002000
         20000.   -0.147000